# The values in this table are from the official 2014 proto.
VNUM	GOLD_MIN	GOLD_MAX	RESURRECTION_VNUM	POLYMORPH_ITEM	SKILL_LEVEL0	SKILL_VNUM0	SKILL_LEVEL1	SKILL_VNUM1	SKILL_LEVEL2	SKILL_VNUM2	SKILL_LEVEL3	SKILL_VNUM3	SKILL_LEVEL4	SKILL_VNUM4
101	18	27	0	70104	0	0	0	0	0	0	0	0	0	0
102	23	34	0	70104	0	0	0	0	0	0	0	0	0	0
103	25	38	0	70104	0	0	0	0	0	0	0	0	0	0
104	30	45	0	70104	0	0	0	0	0	0	0	0	0	0
105	37	56	0	70104	0	0	0	0	0	0	0	0	0	0
106	47	70	0	70104	0	0	0	0	0	0	0	0	0	0
107	80	120	0	70105	0	0	0	0	0	0	0	0	0	0
108	32	49	0	70104	0	0	0	0	0	0	0	0	0	0
109	56	84	0	70105	0	0	0	0	0	0	0	0	0	0
110	44	67	0	70104	0	0	0	0	0	0	0	0	0	0
111	76	114	0	70105	0	0	0	0	0	0	0	0	0	0
112	61	92	0	70104	0	0	0	0	0	0	0	0	0	0
113	100	150	0	70105	0	0	0	0	0	0	0	0	0	0
114	59	88	0	70104	0	0	0	0	0	0	0	0	0	0
115	112	168	0	70105	0	0	0	0	0	0	0	0	0	0
131	60	91	0	70106	0	0	0	0	0	0	0	0	0	0
132	80	121	0	70107	0	0	0	0	0	0	0	0	0	0
133	77	116	0	70106	0	0	0	0	0	0	0	0	0	0
134	116	175	0	70107	0	0	0	0	0	0	0	0	0	0
135	116	175	0	70106	0	0	0	0	0	0	0	0	0	0
136	167	250	0	70107	0	0	0	0	0	0	0	0	0	0
137	83	124	0	70106	0	0	0	0	0	0	0	0	0	0
138	124	186	0	70107	0	0	0	0	0	0	0	0	0	0
139	111	166	0	70106	0	0	0	0	0	0	0	0	0	0
140	160	240	0	70107	0	0	0	0	0	0	0	0	0	0
141	150	225	0	70106	0	0	0	0	0	0	0	0	0	0
142	203	304	0	70107	0	0	0	0	0	0	0	0	0	0
143	150	225	0	70106	0	0	0	0	0	0	0	0	0	0
144	224	337	0	70107	0	0	0	0	0	0	0	0	0	0
151	50	100	0	0	0	0	0	0	0	0	0	0	0	0
152	100	150	0	0	0	0	0	0	0	0	0	0	0	0
153	60	140	0	0	0	0	0	0	0	0	0	0	0	0
154	150	200	0	0	0	0	0	0	0	0	0	0	0	0
155	150	220	0	0	0	0	0	0	0	0	0	0	0	0
171	18	27	0	70104	0	0	0	0	0	0	0	0	0	0
172	23	34	0	70104	0	0	0	0	0	0	0	0	0	0
173	25	38	0	70104	0	0	0	0	0	0	0	0	0	0
174	30	45	0	70104	0	0	0	0	0	0	0	0	0	0
175	37	56	0	70104	0	0	0	0	0	0	0	0	0	0
176	47	70	0	70104	0	0	0	0	0	0	0	0	0	0
177	80	120	0	70105	0	0	0	0	0	0	0	0	0	0
178	32	49	0	70104	0	0	0	0	0	0	0	0	0	0
179	56	84	0	70105	0	0	0	0	0	0	0	0	0	0
180	44	67	0	70104	0	0	0	0	0	0	0	0	0	0
181	76	114	0	70105	0	0	0	0	0	0	0	0	0	0
182	61	92	0	70104	0	0	0	0	0	0	0	0	0	0
183	100	150	0	70105	0	0	0	0	0	0	0	0	0	0
184	59	88	0	70104	0	0	0	0	0	0	0	0	0	0
185	112	168	0	70105	0	0	0	0	0	0	0	0	0	0
191	232	348	0	70107	0	0	0	0	0	0	0	0	0	0
192	239	358	0	70107	0	0	0	0	0	0	0	0	0	0
193	253	380	0	70107	0	0	0	0	0	0	0	0	0	0
194	268	402	0	70107	0	0	0	0	0	0	0	0	0	0
301	64	97	0	70105	0	0	0	0	0	0	0	0	0	0
302	128	192	0	0	0	0	0	0	0	0	0	0	0	0
303	127	190	0	0	0	0	0	0	0	0	0	0	0	0
304	127	190	0	0	0	0	0	0	0	0	0	0	0	0
331	300	450	0	0	0	0	0	0	0	0	0	0	0	0
332	324	486	0	0	0	0	0	0	0	0	0	0	0	0
333	384	576	0	0	0	0	0	0	0	0	0	0	0	0
334	384	576	0	0	0	0	0	0	0	0	0	0	0	0
351	64	97	0	70105	0	0	0	0	0	0	0	0	0	0
352	128	192	0	0	0	0	0	0	0	0	0	0	0	0
353	127	190	0	0	0	0	0	0	0	0	0	0	0	0
354	127	190	0	0	0	0	0	0	0	0	0	0	0	0
391	199	298	0	70107	0	0	0	0	0	0	0	0	0	0
392	223	334	0	70107	0	0	0	0	0	0	0	0	0	0
393	239	358	0	70107	0	0	0	0	0	0	0	0	0	0
394	262	393	0	70107	0	0	0	0	0	0	0	0	0	0
395	199	298	0	70107	0	0	0	0	0	0	0	0	0	0
396	223	334	0	70107	0	0	0	0	0	0	0	0	0	0
397	239	358	0	70107	0	0	0	0	0	0	0	0	0	0
398	262	393	0	70107	0	0	0	0	0	0	0	0	0	0
401	78	117	0	70104	0	0	0	0	0	0	0	0	0	0
402	80	121	0	70104	0	0	0	0	0	0	0	0	0	0
403	171	256	0	0	0	0	0	0	0	0	0	0	0	0
404	136	204	0	70105	0	0	0	0	0	0	0	0	0	0
405	148	222	0	70105	0	0	0	0	0	0	0	0	0	0
406	156	234	0	70105	0	0	0	0	0	0	0	0	0	0
431	528	792	0	0	0	0	0	0	0	0	0	0	0	0
432	560	840	0	0	0	0	0	0	0	0	0	0	0	0
433	592	888	0	0	0	0	0	0	0	0	0	0	0	0
434	608	912	0	0	0	0	0	0	0	0	0	0	0	0
435	640	960	0	0	0	0	0	0	0	0	0	0	0	0
436	672	1008	0	0	0	0	0	0	0	0	0	0	0	0
451	78	117	0	70104	0	0	0	0	0	0	0	0	0	0
452	80	121	0	70104	0	0	0	0	0	0	0	0	0	0
453	171	256	0	0	0	0	0	0	0	0	0	0	0	0
454	136	204	0	70105	0	0	0	0	0	0	0	0	0	0
455	148	222	0	70105	0	0	0	0	0	0	0	0	0	0
456	156	234	0	70105	0	0	0	0	0	0	0	0	0	0
491	246	369	0	70107	0	0	0	0	0	0	0	0	0	0
492	282	423	0	70107	0	0	0	0	0	0	0	0	0	0
493	296	445	0	70107	0	0	0	0	0	0	0	0	0	0
494	340	510	0	70107	0	0	0	0	0	0	0	0	0	0
501	102	153	0	70104	0	0	0	0	0	0	0	0	0	0
502	111	166	0	70104	0	0	0	0	0	0	0	0	0	0
503	312	468	0	0	0	0	0	0	0	0	0	0	0	0
504	260	391	0	70106	0	0	0	0	0	0	0	0	0	0
531	592	888	0	0	0	0	0	0	0	0	0	0	0	0
532	624	936	0	0	0	0	0	0	0	0	0	0	0	0
533	672	1008	0	0	0	0	0	0	0	0	0	0	0	0
534	704	1056	0	0	0	0	0	0	0	0	0	0	0	0
551	102	153	0	70104	0	0	0	0	0	0	0	0	0	0
552	111	166	0	70104	0	0	0	0	0	0	0	0	0	0
553	312	468	0	0	0	0	0	0	0	0	0	0	0	0
554	260	391	0	70106	0	0	0	0	0	0	0	0	0	0
591	520	780	0	0	0	0	0	0	0	0	0	0	0	0
595	520	780	0	0	0	0	0	0	0	0	0	0	0	0
601	720	1080	0	0	0	0	0	0	0	0	0	0	0	0
602	736	1104	0	70105	0	0	0	0	0	0	0	0	0	0
603	752	1128	0	70105	0	0	0	0	0	0	0	0	0	0
604	768	1152	0	0	0	0	0	0	0	0	0	0	0	0
631	97	146	0	70104	0	0	0	0	0	0	0	0	0	0
632	160	240	0	70105	0	0	0	0	0	0	0	0	0	0
633	172	258	0	70105	0	0	0	0	0	0	0	0	0	0
634	240	360	0	70106	0	0	0	0	0	0	0	0	0	0
635	262	393	0	70106	0	0	0	0	0	0	0	0	0	0
636	347	520	0	70107	0	0	0	0	0	0	0	0	0	0
637	368	553	0	70107	0	0	0	0	0	0	0	0	0	0
651	97	146	0	70104	0	0	0	0	0	0	0	0	0	0
652	160	240	0	70105	0	0	0	0	0	0	0	0	0	0
653	172	258	0	70105	0	0	0	0	0	0	0	0	0	0
654	240	360	0	70106	0	0	0	0	0	0	0	0	0	0
655	262	393	0	70106	0	0	0	0	0	0	0	0	0	0
656	347	520	0	70107	0	0	0	0	0	0	0	0	0	0
657	368	553	0	70107	0	0	0	0	0	0	0	0	0	0
691	616	924	0	0	30	256	0	0	0	0	0	0	0	0
692	616	924	0	0	30	256	0	0	0	0	0	0	0	0
693	23400	35100	0	0	35	256	0	0	0	0	0	0	0	0
701	109	164	0	70104	0	0	0	0	0	0	0	0	0	0
702	184	277	0	70105	0	0	0	0	0	0	0	0	0	0
703	197	296	0	70105	0	0	0	0	0	0	0	0	0	0
704	288	432	0	70106	0	0	0	0	0	0	0	0	0	0
705	228	343	0	70105	0	0	0	0	0	0	0	0	0	0
706	349	524	0	0	0	0	0	0	0	0	0	0	0	0
707	364	546	0	0	0	0	0	0	0	0	0	0	0	0
731	154	231	0	70104	0	0	0	0	0	0	0	0	0	0
732	250	375	0	70105	0	0	0	0	0	0	0	0	0	0
733	255	382	0	70105	0	0	0	0	0	0	0	0	0	0
734	349	524	0	70106	0	0	0	0	0	0	0	0	0	0
735	259	388	0	70105	0	0	0	0	0	0	0	0	0	0
736	397	596	0	0	0	0	0	0	0	0	0	0	0	0
737	404	607	0	0	0	0	0	0	0	0	0	0	0	0
751	109	164	0	70104	0	0	0	0	0	0	0	0	0	0
752	184	277	0	70105	0	0	0	0	0	0	0	0	0	0
753	197	296	0	70105	0	0	0	0	0	0	0	0	0	0
754	288	432	0	70106	0	0	0	0	0	0	0	0	0	0
755	228	343	0	70105	0	0	0	0	0	0	0	0	0	0
756	349	524	0	0	0	0	0	0	0	0	0	0	0	0
757	364	546	0	0	0	0	0	0	0	0	0	0	0	0
771	154	231	0	70104	0	0	0	0	0	0	0	0	0	0
772	250	375	0	70105	0	0	0	0	0	0	0	0	0	0
773	255	382	0	70105	0	0	0	0	0	0	0	0	0	0
774	349	524	0	70106	0	0	0	0	0	0	0	0	0	0
775	259	388	0	70105	0	0	0	0	0	0	0	0	0	0
776	397	596	0	0	0	0	0	0	0	0	0	0	0	0
777	404	607	0	0	0	0	0	0	0	0	0	0	0	0
791	664	996	792	0	20	257	20	258	0	0	0	0	0	0
792	760	1140	0	0	35	257	35	258	0	0	0	0	0	0
793	664	996	0	0	35	257	35	258	0	0	0	0	0	0
794	760	1140	0	0	40	257	40	258	0	0	0	0	0	0
795	23400	35100	0	0	35	257	35	258	0	0	0	0	0	0
796	23400	35100	0	0	40	257	40	258	0	0	0	0	0	0
901	212	318	0	70105	0	0	0	0	0	0	0	0	0	0
902	220	330	0	70105	0	0	0	0	0	0	0	0	0	0
903	228	342	0	70105	0	0	0	0	0	0	0	0	0	0
904	324	486	0	70106	0	0	0	0	0	0	0	0	0	0
905	340	511	0	70106	0	0	0	0	0	0	0	0	0	0
906	681	1022	0	0	0	0	0	0	0	0	0	0	0	0
907	396	594	0	70107	0	0	0	0	0	0	0	0	0	0
931	212	318	0	70105	0	0	0	0	0	0	0	0	0	0
932	220	330	0	70105	0	0	0	0	0	0	0	0	0	0
933	228	342	0	70105	0	0	0	0	0	0	0	0	0	0
934	324	486	0	70106	0	0	0	0	0	0	0	0	0	0
935	340	511	0	70106	0	0	0	0	0	0	0	0	0	0
936	681	1022	0	0	0	0	0	0	0	0	0	0	0	0
937	396	594	0	70107	0	0	0	0	0	0	0	0	0	0
991	724	1086	992	0	0	0	0	0	0	0	0	0	0	0
992	736	1104	0	0	0	0	0	0	0	0	0	0	0	0
993	748	1122	0	0	0	0	0	0	0	0	0	0	0	0
1001	244	366	0	70105	0	0	0	0	0	0	0	0	0	0
1002	496	744	0	0	0	0	0	0	0	0	0	0	0	0
1003	252	378	0	70105	0	0	0	0	0	0	0	0	0	0
1004	352	528	0	0	0	0	0	0	0	0	0	0	0	0
1031	391	586	1061	70106	0	0	0	0	0	0	0	0	0	0
1032	402	603	1062	0	0	0	0	0	0	0	0	0	0	0
1033	408	612	1063	70106	0	0	0	0	0	0	0	0	0	0
1034	413	620	1064	0	0	0	0	0	0	0	0	0	0	0
1035	419	628	1065	0	0	0	0	0	0	0	0	0	0	0
1036	424	637	1066	0	0	0	0	0	0	0	0	0	0	0
1037	527	790	1067	0	0	0	0	0	0	0	0	0	0	0
1038	534	801	1068	0	0	0	0	0	0	0	0	0	0	0
1039	541	812	1069	0	0	0	0	0	0	0	0	0	0	0
1040	548	823	1070	0	0	0	0	0	0	0	0	0	0	0
1041	556	834	1071	70107	0	0	0	0	0	0	0	0	0	0
1061	391	586	0	70106	0	0	0	0	0	0	0	0	0	0
1062	402	603	0	0	0	0	0	0	0	0	0	0	0	0
1063	408	612	0	70106	0	0	0	0	0	0	0	0	0	0
1064	413	620	0	0	0	0	0	0	0	0	0	0	0	0
1065	419	628	0	0	0	0	0	0	0	0	0	0	0	0
1066	424	637	0	0	0	0	0	0	0	0	0	0	0	0
1067	527	790	0	0	0	0	0	0	0	0	0	0	0	0
1068	534	801	0	0	0	0	0	0	0	0	0	0	0	0
1069	541	812	0	0	0	0	0	0	0	0	0	0	0	0
1070	548	823	0	0	0	0	0	0	0	0	0	0	0	0
1071	556	834	0	70107	0	0	0	0	0	0	0	0	0	0
1091	916	1374	0	0	25	256	0	0	0	0	0	0	0	0
1092	916	1374	0	0	25	256	0	0	0	0	0	0	0	0
1093	952	1428	0	0	10	259	40	260	0	0	0	0	0	0
1094	23400	35100	0	0	30	256	0	0	0	0	0	0	0	0
1095	23400	35100	0	0	10	259	40	260	0	0	0	0	0	0
1096	916	1374	0	0	25	256	0	0	0	0	0	0	0	0
1101	250	375	0	0	0	0	0	0	0	0	0	0	0	0
1102	254	381	0	70105	0	0	0	0	0	0	0	0	0	0
1103	263	394	0	70105	0	0	0	0	0	0	0	0	0	0
1104	362	543	0	70106	0	0	0	0	0	0	0	0	0	0
1105	368	552	0	70106	0	0	0	0	0	0	0	0	0	0
1106	373	560	0	70106	0	0	0	0	0	0	0	0	0	0
1107	476	714	0	70107	0	0	0	0	0	0	0	0	0	0
1131	522	783	0	0	0	0	0	0	0	0	0	0	0	0
1132	529	796	0	70105	0	0	0	0	0	0	0	0	0	0
1133	587	880	0	70105	0	0	0	0	0	0	0	0	0	0
1134	875	1314	0	70106	0	0	0	0	0	0	0	0	0	0
1135	889	1334	0	70106	0	0	0	0	0	0	0	0	0	0
1136	902	1352	0	70106	0	0	0	0	0	0	0	0	0	0
1137	1148	1723	0	70107	0	0	0	0	0	0	0	0	0	0
1151	1000	2000	0	0	0	0	0	0	0	0	0	0	0	0
1152	1000	2000	0	0	0	0	0	0	0	0	0	0	0	0
1153	1000	2000	0	0	0	0	0	0	0	0	0	0	0	0
1154	1000	2000	0	0	0	0	0	0	0	0	0	0	0	0
1155	1000	2000	0	0	0	0	0	0	0	0	0	0	0	0
1156	1000	2000	0	0	0	0	0	0	0	0	0	0	0	0
1157	1000	2000	0	0	0	0	0	0	0	0	0	0	0	0
1171	250	375	0	0	0	0	0	0	0	0	0	0	0	0
1172	254	381	0	70105	0	0	0	0	0	0	0	0	0	0
1173	263	394	0	70105	0	0	0	0	0	0	0	0	0	0
1174	362	543	0	70106	0	0	0	0	0	0	0	0	0	0
1175	368	552	0	70106	0	0	0	0	0	0	0	0	0	0
1176	373	560	0	70106	0	0	0	0	0	0	0	0	0	0
1177	476	714	0	70107	0	0	0	0	0	0	0	0	0	0
1191	428000	642000	0	0	0	0	0	0	0	0	0	0	0	0
1192	856000	1284000	0	0	0	0	0	0	0	0	0	0	0	0
1301	268	402	0	70105	0	0	0	0	0	0	0	0	0	0
1302	484	727	0	70107	0	0	0	0	0	0	0	0	0	0
1303	272	409	0	70105	0	0	0	0	0	0	0	0	0	0
1304	1007	1510	0	0	40	258	0	0	0	0	0	0	0	0
1305	500	750	0	70107	0	0	0	0	0	0	0	0	0	0
1306	36640	54960	0	0	40	258	0	0	0	0	0	0	0	0
1307	23400	35100	0	0	40	258	0	0	0	0	0	0	0	0
1308	36640	54960	0	0	40	258	0	0	0	0	0	0	0	0
1309	36640	54960	0	0	40	258	0	0	0	0	0	0	0	0
1310	36640	54960	0	0	40	258	0	0	0	0	0	0	0	0
1331	268	402	0	70105	0	0	0	0	0	0	0	0	0	0
1332	484	727	0	70107	0	0	0	0	0	0	0	0	0	0
1333	272	409	0	70105	0	0	0	0	0	0	0	0	0	0
1334	1007	1510	0	0	40	258	0	0	0	0	0	0	0	0
1335	500	750	0	70107	0	0	0	0	0	0	0	0	0	0
1401	700	1050	0	70105	0	0	0	0	0	0	0	0	0	0
1402	1062	1593	0	70106	0	0	0	0	0	0	0	0	0	0
1403	1426	2139	0	70107	0	0	0	0	0	0	0	0	0	0
1501	730	1095	0	70105	0	0	0	0	0	0	0	0	0	0
1502	1048	1572	0	70105	0	0	0	0	0	0	0	0	0	0
1503	1408	2112	0	70106	0	0	0	0	0	0	0	0	0	0
1601	720	1080	0	70104	0	0	0	0	0	0	0	0	0	0
1602	1020	1530	0	70106	0	0	0	0	0	0	0	0	0	0
1603	1390	2085	0	70106	0	0	0	0	0	0	0	0	0	0
1901	880	1320	0	0	25	258	40	259	0	0	0	0	0	0
1902	35200	52800	0	0	35	258	40	259	0	0	0	0	0	0
1903	23400	35100	0	0	35	258	40	259	0	0	0	0	0	0
1904	36640	54960	0	0	40	258	0	0	0	0	0	0	0	0
1905	36640	54960	0	0	40	258	0	0	0	0	0	0	0	0
1906	36640	54960	0	0	40	258	0	0	0	0	0	0	0	0
2001	122	183	0	70104	0	0	0	0	0	0	0	0	0	0
2002	127	190	0	70104	0	0	0	0	0	0	0	0	0	0
2003	201	302	0	70105	0	0	0	0	0	0	0	0	0	0
2004	208	313	0	70105	0	0	0	0	0	0	0	0	0	0
2005	216	325	0	70105	0	0	0	0	0	0	0	0	0	0
2031	304	457	0	70106	0	0	0	0	0	0	0	0	0	0
2032	316	474	0	70106	0	0	0	0	0	0	0	0	0	0
2033	392	588	0	70107	0	0	0	0	0	0	0	0	0	0
2034	406	609	0	70107	0	0	0	0	0	0	0	0	0	0
2035	420	630	0	70107	0	0	0	0	0	0	0	0	0	0
2036	420	630	0	70107	0	0	0	0	0	0	0	0	0	0
2051	122	183	0	70104	0	0	0	0	0	0	0	0	0	0
2052	127	190	0	70104	0	0	0	0	0	0	0	0	0	0
2053	201	302	0	70105	0	0	0	0	0	0	0	0	0	0
2054	208	313	0	70105	0	0	0	0	0	0	0	0	0	0
2055	216	325	0	70105	0	0	0	0	0	0	0	0	0	0
2061	533	798	0	70104	0	0	0	0	0	0	0	0	0	0
2062	552	828	0	70105	0	0	0	0	0	0	0	0	0	0
2063	698	1047	0	70106	0	0	0	0	0	0	0	0	0	0
2064	723	1085	0	70106	0	0	0	0	0	0	0	0	0	0
2065	747	1121	0	70107	0	0	0	0	0	0	0	0	0	0
2071	384	576	0	0	0	0	0	0	0	0	0	0	0	0
2072	393	590	0	0	0	0	0	0	0	0	0	0	0	0
2073	537	806	0	0	0	0	0	0	0	0	0	0	0	0
2074	550	825	0	0	0	0	0	0	0	0	0	0	0	0
2075	563	844	0	0	0	0	0	0	0	0	0	0	0	0
2076	563	844	0	0	0	0	0	0	0	0	0	0	0	0
2091	29440	44160	0	0	35	261	0	0	0	0	0	0	0	0
2092	23400	35100	0	0	40	261	0	0	0	0	0	0	0	0
2093	23400	35100	0	0	40	261	0	0	0	0	0	0	0	0
2094	51740	77610	0	0	40	261	0	0	0	0	0	0	0	0
2095	0	0	0	0	0	0	0	0	0	0	0	0	0	0
2101	92	138	0	70105	0	0	0	0	0	0	0	0	0	0
2102	168	253	0	70105	0	0	0	0	0	0	0	0	0	0
2103	176	265	0	70105	0	0	0	0	0	0	0	0	0	0
2104	254	381	0	70106	0	0	0	0	0	0	0	0	0	0
2105	558	837	0	0	0	0	0	0	0	0	0	0	0	0
2106	276	414	0	70106	0	0	0	0	0	0	0	0	0	0
2107	603	904	0	0	0	0	0	0	0	0	0	0	0	0
2108	404	607	0	70107	0	0	0	0	0	0	0	0	0	0
2131	533	798	0	70104	0	0	0	0	0	0	0	0	0	0
2132	552	828	0	70105	0	0	0	0	0	0	0	0	0	0
2133	698	1047	0	70106	0	0	0	0	0	0	0	0	0	0
2134	723	1085	0	70106	0	0	0	0	0	0	0	0	0	0
2135	747	1121	0	70107	0	0	0	0	0	0	0	0	0	0
2151	92	138	0	70105	0	0	0	0	0	0	0	0	0	0
2152	168	253	0	70105	0	0	0	0	0	0	0	0	0	0
2153	176	265	0	70105	0	0	0	0	0	0	0	0	0	0
2154	254	381	0	70106	0	0	0	0	0	0	0	0	0	0
2155	558	837	0	0	0	0	0	0	0	0	0	0	0	0
2156	276	414	0	70106	0	0	0	0	0	0	0	0	0	0
2157	603	904	0	0	0	0	0	0	0	0	0	0	0	0
2158	404	607	0	70107	0	0	0	0	0	0	0	0	0	0
2191	820	1230	0	0	40	256	30	256	0	0	0	0	0	0
2192	23400	35100	0	0	40	256	30	256	0	0	0	0	0	0
2201	283	424	0	70105	0	0	0	0	0	0	0	0	0	0
2202	292	438	0	0	0	0	0	0	0	0	0	0	0	0
2203	395	592	0	70106	0	0	0	0	0	0	0	0	0	0
2204	413	620	0	70106	0	0	0	0	0	0	0	0	0	0
2205	517	776	0	70107	0	0	0	0	0	0	0	0	0	0
2206	892	1338	0	0	40	256	0	0	0	0	0	0	0	0
2207	68700	103050	0	0	40	256	0	0	0	0	0	0	0	0
2231	283	424	0	70105	0	0	0	0	0	0	0	0	0	0
2232	292	438	0	0	0	0	0	0	0	0	0	0	0	0
2233	395	592	0	70106	0	0	0	0	0	0	0	0	0	0
2234	413	620	0	70106	0	0	0	0	0	0	0	0	0	0
2235	517	776	0	70107	0	0	0	0	0	0	0	0	0	0
2291	916	1374	0	0	0	0	0	0	0	0	0	0	0	0
2301	344	516	0	0	0	0	0	0	0	0	0	0	0	0
2302	358	537	0	0	0	0	0	0	0	0	0	0	0	0
2303	616	924	0	0	0	0	0	0	0	0	0	0	0	0
2304	632	948	0	0	0	0	0	0	0	0	0	0	0	0
2305	905	1358	0	70106	0	0	0	0	0	0	0	0	0	0
2306	38560	57840	0	0	0	0	0	0	0	0	0	0	0	0
2307	73200	109800	0	0	0	0	0	0	0	0	0	0	0	0
2311	624	936	0	0	0	0	0	0	0	0	0	0	0	0
2312	640	960	0	70106	0	0	0	0	0	0	0	0	0	0
2313	894	1341	0	0	0	0	0	0	0	0	0	0	0	0
2314	928	1392	0	70107	0	0	0	0	0	0	0	0	0	0
2315	1212	1819	0	70107	0	0	0	0	0	0	0	0	0	0
2401	660	990	0	0	0	0	0	0	0	0	0	0	0	0
2402	674	1011	0	0	0	0	0	0	0	0	0	0	0	0
2403	1092	1638	0	0	0	0	0	0	0	0	0	0	0	0
2404	1104	1656	0	0	0	0	0	0	0	0	0	0	0	0
2411	1100	1550	0	0	0	0	0	0	0	0	0	0	0	0
2412	1055	1582	0	0	0	0	0	0	0	0	0	0	0	0
2413	1746	2620	0	0	0	0	0	0	0	0	0	0	0	0
2414	1782	2673	0	0	0	0	0	0	0	0	0	0	0	0
2431	660	990	0	0	0	0	0	0	0	0	0	0	0	0
2432	674	1011	0	0	0	0	0	0	0	0	0	0	0	0
2433	1092	1638	0	0	0	0	0	0	0	0	0	0	0	0
2434	1104	1656	0	0	0	0	0	0	0	0	0	0	0	0
2451	688	1033	0	0	0	0	0	0	0	0	0	0	0	0
2452	703	1054	0	0	0	0	0	0	0	0	0	0	0	0
2453	1164	1746	0	0	0	0	0	0	0	0	0	0	0	0
2454	1188	1782	0	0	0	0	0	0	0	0	0	0	0	0
2491	41500	67250	2492	0	40	256	40	257	0	0	0	0	0	0
2492	148500	222750	0	0	40	256	40	257	0	0	0	0	0	0
2493	23400000	35100000	0	0	40	256	40	257	0	0	0	0	0	0
2494	31200	46800	2495	0	40	256	40	257	0	0	0	0	0	0
2495	118800	178200	0	0	40	256	40	257	0	0	0	0	0	0
2501	478	717	0	0	0	0	0	0	0	0	0	0	0	0
2502	1176	1764	0	0	0	0	0	0	0	0	0	0	0	0
2503	1188	1782	0	0	0	0	0	0	0	0	0	0	0	0
2504	2214	3321	0	0	0	0	0	0	0	0	0	0	0	0
2505	2236	3355	0	0	0	0	0	0	0	0	0	0	0	0
2506	3608	5412	0	0	0	0	0	0	0	0	0	0	0	0
2507	3644	5466	0	0	0	0	0	0	0	0	0	0	0	0
2508	478	717	2541	0	0	0	0	0	0	0	0	0	0	0
2509	1176	1764	2542	0	0	0	0	0	0	0	0	0	0	0
2510	1188	1782	2543	0	0	0	0	0	0	0	0	0	0	0
2511	2214	3321	2544	0	0	0	0	0	0	0	0	0	0	0
2512	2236	3355	2545	0	0	0	0	0	0	0	0	0	0	0
2513	3608	5412	2546	0	0	0	0	0	0	0	0	0	0	0
2514	3680	5520	2547	0	0	0	0	0	0	0	0	0	0	0
2541	478	717	0	0	0	0	0	0	0	0	0	0	0	0
2542	1176	1764	0	0	0	0	0	0	0	0	0	0	0	0
2543	1188	1782	0	0	0	0	0	0	0	0	0	0	0	0
2544	2214	3321	0	0	0	0	0	0	0	0	0	0	0	0
2545	2236	3355	0	0	0	0	0	0	0	0	0	0	0	0
2546	3608	5412	0	0	0	0	0	0	0	0	0	0	0	0
2547	3680	5520	0	0	0	0	0	0	0	0	0	0	0	0
2591	17120	25680	0	0	25	256	0	0	0	0	0	0	0	0
2592	17120	25680	0	0	25	256	0	0	0	0	0	0	0	0
2593	17120	25680	0	0	25	256	0	0	0	0	0	0	0	0
2594	17120	25680	0	0	25	256	0	0	0	0	0	0	0	0
2595	0	0	0	0	20	256	0	0	0	0	0	0	0	0
2596	0	0	0	0	20	256	0	0	0	0	0	0	0	0
2597	30520	45780	0	0	20	257	25	258	0	0	0	0	0	0
2598	30520	45780	0	0	10	257	20	259	0	0	0	0	0	0
3001	184	276	0	0	0	0	0	0	0	0	0	0	0	0
3002	371	556	0	0	0	0	0	0	0	0	0	0	0	0
3003	374	561	0	0	0	0	0	0	0	0	0	0	0	0
3004	566	849	0	0	0	0	0	0	0	0	0	0	0	0
3005	761	1142	0	0	0	0	0	0	0	0	0	0	0	0
3090	984	1476	0	0	20	256	0	0	0	0	0	0	0	0
3091	1800	2700	0	0	20	257	25	258	0	0	0	0	0	0
3101	188	283	0	0	0	0	0	0	0	0	0	0	0	0
3102	380	571	0	0	0	0	0	0	0	0	0	0	0	0
3103	384	576	0	0	0	0	0	0	0	0	0	0	0	0
3104	580	871	0	0	0	0	0	0	0	0	0	0	0	0
3105	780	1171	0	0	0	0	0	0	0	0	0	0	0	0
3190	992	1488	0	0	20	256	0	0	0	0	0	0	0	0
3191	1814	2721	0	0	20	257	25	258	0	0	0	0	0	0
3201	185	278	0	0	0	0	0	0	0	0	0	0	0	0
3202	374	561	0	0	0	0	0	0	0	0	0	0	0	0
3203	377	566	0	0	0	0	0	0	0	0	0	0	0	0
3204	571	856	0	0	0	0	0	0	0	0	0	0	0	0
3205	774	1161	0	0	0	0	0	0	0	0	0	0	0	0
3290	984	1476	0	0	20	256	0	0	0	0	0	0	0	0
3291	1800	2700	0	0	20	257	25	258	0	0	0	0	0	0
3301	187	280	0	0	0	0	0	0	0	0	0	0	0	0
3302	377	566	0	0	0	0	0	0	0	0	0	0	0	0
3303	380	571	0	0	0	0	0	0	0	0	0	0	0	0
3304	576	864	0	0	0	0	0	0	0	0	0	0	0	0
3305	774	1161	0	0	0	0	0	0	0	0	0	0	0	0
3390	984	1476	0	0	20	256	0	0	0	0	0	0	0	0
3391	1800	2700	0	0	20	257	25	258	0	0	0	0	0	0
3401	185	278	0	0	0	0	0	0	0	0	0	0	0	0
3402	374	561	0	0	0	0	0	0	0	0	0	0	0	0
3403	377	566	0	0	0	0	0	0	0	0	0	0	0	0
3404	571	856	0	0	0	0	0	0	0	0	0	0	0	0
3405	774	1161	0	0	0	0	0	0	0	0	0	0	0	0
3490	984	1476	0	0	20	256	0	0	0	0	0	0	0	0
3491	1800	2700	0	0	20	257	25	258	0	0	0	0	0	0
3501	184	276	0	0	0	0	0	0	0	0	0	0	0	0
3502	371	556	0	0	0	0	0	0	0	0	0	0	0	0
3503	374	561	0	0	0	0	0	0	0	0	0	0	0	0
3504	566	849	0	0	0	0	0	0	0	0	0	0	0	0
3505	761	1142	0	0	0	0	0	0	0	0	0	0	0	0
3551	187	280	0	0	20	256	0	0	0	0	0	0	0	0
3552	377	566	0	0	20	257	25	258	0	0	0	0	0	0
3553	380	571	0	0	0	0	0	0	0	0	0	0	0	0
3554	576	864	0	0	0	0	0	0	0	0	0	0	0	0
3555	774	1161	0	0	0	0	0	0	0	0	0	0	0	0
3590	984	1476	0	0	0	0	0	0	0	0	0	0	0	0
3591	1800	2700	0	0	20	257	25	258	0	0	0	0	0	0
3595	1000	1500	0	0	20	256	0	0	0	0	0	0	0	0
3596	1828	2743	0	0	20	257	25	258	0	0	0	0	0	0
3601	185	278	0	0	0	0	0	0	0	0	0	0	0	0
3602	374	561	0	0	0	0	0	0	0	0	0	0	0	0
3603	377	566	0	0	0	0	0	0	0	0	0	0	0	0
3604	571	856	0	0	0	0	0	0	0	0	0	0	0	0
3605	774	1161	0	0	0	0	0	0	0	0	0	0	0	0
3690	984	1476	0	0	20	256	0	0	0	0	0	0	0	0
3691	1800	2700	0	0	20	257	25	258	0	0	0	0	0	0
3701	192	288	0	0	0	0	0	0	0	0	0	0	0	0
3702	387	580	0	0	0	0	0	0	0	0	0	0	0	0
3703	393	590	0	0	0	0	0	0	0	0	0	0	0	0
3704	595	892	0	0	0	0	0	0	0	0	0	0	0	0
3705	800	1200	0	0	0	0	0	0	0	0	0	0	0	0
3790	1008	1512	0	0	20	256	0	0	0	0	0	0	0	0
3791	1828	2743	0	0	20	257	25	258	0	0	0	0	0	0
3801	190	285	0	0	0	0	0	0	0	0	0	0	0	0
3802	384	576	0	0	0	0	0	0	0	0	0	0	0	0
3803	387	580	0	0	0	0	0	0	0	0	0	0	0	0
3804	585	878	0	0	0	0	0	0	0	0	0	0	0	0
3805	787	1180	0	0	0	0	0	0	0	0	0	0	0	0
3890	1000	1500	0	0	20	256	0	0	0	0	0	0	0	0
3891	1828	2743	0	0	20	257	25	258	0	0	0	0	0	0
3901	1872	2808	0	0	20	257	25	258	0	0	0	0	0	0
3902	1872	2808	0	0	20	257	25	258	0	0	0	0	0	0
3903	1872	2808	0	0	20	257	25	258	0	0	0	0	0	0
3904	580	871	0	0	0	0	0	0	0	0	0	0	0	0
3905	1872	2808	0	0	20	257	25	258	0	0	0	0	0	0
3906	1872	2808	0	0	20	257	25	258	0	0	0	0	0	0
3907	380	571	0	0	0	0	0	0	0	0	0	0	0	0
3908	576	864	0	0	0	0	0	0	0	0	0	0	0	0
3909	774	1161	0	0	0	0	0	0	0	0	0	0	0	0
3910	984	1476	0	0	0	0	0	0	0	0	0	0	0	0
3911	1000	1500	0	0	20	256	0	0	0	0	0	0	0	0
3912	1000	1500	0	0	20	256	0	0	0	0	0	0	0	0
3913	1000	1500	0	0	20	256	0	0	0	0	0	0	0	0
5001	50000	50000	0	0	0	0	0	0	0	0	0	0	0	0
5002	736	1104	0	0	30	258	20	259	0	0	0	0	0	0
5003	1	1	0	70104	0	0	0	0	0	0	0	0	0	0
5004	0	0	0	0	0	0	0	0	0	0	0	0	0	0
5101	68	103	0	70104	0	0	0	0	0	0	0	0	0	0
5102	116	174	0	0	0	0	0	0	0	0	0	0	0	0
5103	167	250	0	70106	0	0	0	0	0	0	0	0	0	0
5104	224	337	0	70107	0	0	0	0	0	0	0	0	0	0
5111	100	150	0	70104	0	0	0	0	0	0	0	0	0	0
5112	164	246	0	0	0	0	0	0	0	0	0	0	0	0
5113	234	351	0	70106	0	0	0	0	0	0	0	0	0	0
5114	304	456	0	70107	0	0	0	0	0	0	0	0	0	0
5115	318	477	0	70107	0	0	0	0	0	0	0	0	0	0
5116	318	477	0	70107	0	0	0	0	0	0	0	0	0	0
5121	124	186	0	70104	0	0	0	0	0	0	0	0	0	0
5122	204	306	0	0	0	0	0	0	0	0	0	0	0	0
5123	290	435	0	70106	0	0	0	0	0	0	0	0	0	0
5124	390	585	0	70107	0	0	0	0	0	0	0	0	0	0
5125	397	596	0	70107	0	0	0	0	0	0	0	0	0	0
5126	404	607	0	70107	0	0	0	0	0	0	0	0	0	0
5127	404	607	0	70107	0	0	0	0	0	0	0	0	0	0
5131	68	103	0	70104	0	0	0	0	0	0	0	0	0	0
5132	116	174	0	0	0	0	0	0	0	0	0	0	0	0
5133	167	250	0	70106	0	0	0	0	0	0	0	0	0	0
5134	224	337	0	70107	0	0	0	0	0	0	0	0	0	0
5141	100	150	0	70104	0	0	0	0	0	0	0	0	0	0
5142	164	246	0	0	0	0	0	0	0	0	0	0	0	0
5143	234	351	0	70106	0	0	0	0	0	0	0	0	0	0
5144	304	456	0	70107	0	0	0	0	0	0	0	0	0	0
5145	318	477	0	70107	0	0	0	0	0	0	0	0	0	0
5146	318	477	0	70107	0	0	0	0	0	0	0	0	0	0
5151	124	186	0	70104	0	0	0	0	0	0	0	0	0	0
5152	204	306	0	0	0	0	0	0	0	0	0	0	0	0
5153	290	435	0	70106	0	0	0	0	0	0	0	0	0	0
5154	390	585	0	70107	0	0	0	0	0	0	0	0	0	0
5155	397	596	0	70107	0	0	0	0	0	0	0	0	0	0
5156	404	607	0	70107	0	0	0	0	0	0	0	0	0	0
5157	404	607	0	70107	0	0	0	0	0	0	0	0	0	0
5161	11280	16920	0	0	0	0	0	0	0	0	0	0	0	0
5162	22876	34314	0	0	0	0	0	0	0	0	0	0	0	0
5163	37180	55770	0	0	0	0	0	0	0	0	0	0	0	0
6001	192	288	0	0	0	0	0	0	0	0	0	0	0	0
6002	387	580	0	0	0	0	0	0	0	0	0	0	0	0
6003	393	590	0	0	0	0	0	0	0	0	0	0	0	0
6004	192	288	0	0	0	0	0	0	0	0	0	0	0	0
6005	387	580	0	0	0	0	0	0	0	0	0	0	0	0
6006	393	590	0	0	0	0	0	0	0	0	0	0	0	0
6007	595	892	0	0	0	0	0	0	0	0	0	0	0	0
6008	800	1200	0	0	0	0	0	0	0	0	0	0	0	0
6009	1008	1512	0	0	0	0	0	0	0	0	0	0	0	0
6051	1008	1512	0	0	0	0	0	0	0	0	0	0	0	0
6091	1828	2743	0	0	20	257	25	258	0	0	0	0	0	0
6101	190	285	0	0	0	0	0	0	0	0	0	0	0	0
6102	384	576	0	0	0	0	0	0	0	0	0	0	0	0
6103	387	580	0	0	0	0	0	0	0	0	0	0	0	0
6104	190	285	0	0	0	0	0	0	0	0	0	0	0	0
6105	384	576	0	0	0	0	0	0	0	0	0	0	0	0
6106	387	580	0	0	0	0	0	0	0	0	0	0	0	0
6107	585	878	0	0	0	0	0	0	0	0	0	0	0	0
6108	787	1180	0	0	0	0	0	0	0	0	0	0	0	0
6109	1000	1500	0	0	0	0	0	0	0	0	0	0	0	0
6151	1000	1500	0	0	0	0	0	0	0	0	0	0	0	0
6191	1828	2743	0	0	20	257	25	258	0	0	0	0	0	0
7001	1000	2000	0	0	0	0	0	0	0	0	0	0	0	0
7002	1000	2000	0	0	0	0	0	0	0	0	0	0	0	0
7003	1000	2000	0	0	0	0	0	0	0	0	0	0	0	0
7004	1000	2000	0	0	0	0	0	0	0	0	0	0	0	0
7005	1000	2000	0	0	0	0	0	0	0	0	0	0	0	0
7006	1000	2000	0	0	0	0	0	0	0	0	0	0	0	0
7007	1000	2000	0	0	0	0	0	0	0	0	0	0	0	0
7008	1000	2000	0	0	0	0	0	0	0	0	0	0	0	0
7009	1000	2000	0	0	0	0	0	0	0	0	0	0	0	0
7010	1000	2000	0	0	0	0	0	0	0	0	0	0	0	0
7012	1000	2000	0	0	0	0	0	0	0	0	0	0	0	0
7013	1000	2000	0	0	0	0	0	0	0	0	0	0	0	0
7014	1000	2000	0	0	0	0	0	0	0	0	0	0	0	0
7015	1000	2000	0	0	0	0	0	0	0	0	0	0	0	0
7016	1000	2000	0	0	0	0	0	0	0	0	0	0	0	0
7017	1000	2000	0	0	0	0	0	0	0	0	0	0	0	0
7018	1000	2000	0	0	0	0	0	0	0	0	0	0	0	0
7019	1000	2000	0	0	0	0	0	0	0	0	0	0	0	0
7020	1000	2000	0	0	0	0	0	0	0	0	0	0	0	0
7021	1000	2000	0	0	0	0	0	0	0	0	0	0	0	0
7022	1000	2000	0	0	0	0	0	0	0	0	0	0	0	0
7023	1000	2000	0	0	0	0	0	0	0	0	0	0	0	0
7024	1000	2000	0	0	0	0	0	0	0	0	0	0	0	0
7025	1000	2000	0	0	0	0	0	0	0	0	0	0	0	0
7026	1000	2000	0	0	0	0	0	0	0	0	0	0	0	0
7027	1000	2000	0	0	0	0	0	0	0	0	0	0	0	0
7028	1000	2000	0	0	0	0	0	0	0	0	0	0	0	0
7029	156	234	0	0	0	0	0	0	0	0	0	0	0	0
7030	528	792	0	0	0	0	0	0	0	0	0	0	0	0
7031	560	840	0	0	0	0	0	0	0	0	0	0	0	0
7032	592	888	0	0	0	0	0	0	0	0	0	0	0	0
7033	608	912	0	0	0	0	0	0	0	0	0	0	0	0
7034	640	960	0	0	0	0	0	0	0	0	0	0	0	0
7035	672	1008	0	0	0	0	0	0	0	0	0	0	0	0
7036	168	253	0	0	0	0	0	0	0	0	0	0	0	0
7037	273	410	0	0	0	0	0	0	0	0	0	0	0	0
7038	278	417	0	0	0	0	0	0	0	0	0	0	0	0
7039	382	573	0	0	0	0	0	0	0	0	0	0	0	0
7040	283	424	0	0	0	0	0	0	0	0	0	0	0	0
7041	482	723	0	0	0	0	0	0	0	0	0	0	0	0
7042	490	735	0	0	0	0	0	0	0	0	0	0	0	0
7043	522	783	0	0	0	0	0	0	0	0	0	0	0	0
7044	529	796	0	0	0	0	0	0	0	0	0	0	0	0
7045	587	880	0	0	0	0	0	0	0	0	0	0	0	0
7046	875	1314	0	0	0	0	0	0	0	0	0	0	0	0
7047	889	1334	0	0	0	0	0	0	0	0	0	0	0	0
7048	902	1352	0	0	0	0	0	0	0	0	0	0	0	0
7049	1148	1723	0	0	0	0	0	0	0	0	0	0	0	0
7050	156	234	0	0	0	0	0	0	0	0	0	0	0	0
7051	528	792	0	0	0	0	0	0	0	0	0	0	0	0
7052	560	840	0	0	0	0	0	0	0	0	0	0	0	0
7053	592	888	0	0	0	0	0	0	0	0	0	0	0	0
7054	608	912	0	0	0	0	0	0	0	0	0	0	0	0
7055	640	960	0	0	0	0	0	0	0	0	0	0	0	0
7056	672	1008	0	0	0	0	0	0	0	0	0	0	0	0
7057	168	253	0	0	0	0	0	0	0	0	0	0	0	0
7058	273	410	0	0	0	0	0	0	0	0	0	0	0	0
7059	278	417	0	0	0	0	0	0	0	0	0	0	0	0
7060	382	573	0	0	0	0	0	0	0	0	0	0	0	0
7061	283	424	0	0	0	0	0	0	0	0	0	0	0	0
7062	482	723	0	0	0	0	0	0	0	0	0	0	0	0
7063	490	735	0	0	0	0	0	0	0	0	0	0	0	0
7064	522	783	0	0	0	0	0	0	0	0	0	0	0	0
7065	529	796	0	0	0	0	0	0	0	0	0	0	0	0
7066	587	880	0	0	0	0	0	0	0	0	0	0	0	0
7067	875	1314	0	0	0	0	0	0	0	0	0	0	0	0
7068	889	1334	0	0	0	0	0	0	0	0	0	0	0	0
7069	902	1352	0	0	0	0	0	0	0	0	0	0	0	0
7070	1148	1723	0	0	0	0	0	0	0	0	0	0	0	0
7071	560	840	0	0	0	0	0	0	0	0	0	0	0	0
7072	592	888	0	0	0	0	0	0	0	0	0	0	0	0
7073	608	912	0	0	0	0	0	0	0	0	0	0	0	0
7074	640	960	0	0	0	0	0	0	0	0	0	0	0	0
7075	672	1008	0	0	0	0	0	0	0	0	0	0	0	0
7076	278	417	0	0	0	0	0	0	0	0	0	0	0	0
7077	382	573	0	0	0	0	0	0	0	0	0	0	0	0
7078	283	424	0	0	0	0	0	0	0	0	0	0	0	0
7079	482	723	0	0	0	0	0	0	0	0	0	0	0	0
7080	490	735	0	0	0	0	0	0	0	0	0	0	0	0
7081	587	880	0	0	0	0	0	0	0	0	0	0	0	0
7082	875	1314	0	0	0	0	0	0	0	0	0	0	0	0
7083	889	1334	0	0	0	0	0	0	0	0	0	0	0	0
7084	902	1352	0	0	0	0	0	0	0	0	0	0	0	0
7085	1148	1723	0	0	0	0	0	0	0	0	0	0	0	0
7086	592	888	0	0	0	0	0	0	0	0	0	0	0	0
7087	608	912	0	0	0	0	0	0	0	0	0	0	0	0
7088	640	960	0	0	0	0	0	0	0	0	0	0	0	0
7089	672	1008	0	0	0	0	0	0	0	0	0	0	0	0
7090	382	573	0	0	0	0	0	0	0	0	0	0	0	0
7091	283	424	0	0	0	0	0	0	0	0	0	0	0	0
7092	482	723	0	0	0	0	0	0	0	0	0	0	0	0
7093	490	735	0	0	0	0	0	0	0	0	0	0	0	0
7094	875	1314	0	0	0	0	0	0	0	0	0	0	0	0
7095	889	1334	0	0	0	0	0	0	0	0	0	0	0	0
7096	902	1352	0	0	0	0	0	0	0	0	0	0	0	0
8001	76	114	0	0	0	0	0	0	0	0	0	0	0	0
8002	136	204	0	0	0	0	0	0	0	0	0	0	0	0
8003	196	294	0	0	0	0	0	0	0	0	0	0	0	0
8004	256	384	0	0	0	0	0	0	0	0	0	0	0	0
8005	316	474	0	0	0	0	0	0	0	0	0	0	0	0
8006	376	564	0	0	0	0	0	0	0	0	0	0	0	0
8007	436	654	0	0	0	0	0	0	0	0	0	0	0	0
8008	496	744	0	0	0	0	0	0	0	0	0	0	0	0
8009	556	834	0	0	0	0	0	0	0	0	0	0	0	0
8010	616	924	0	0	0	0	0	0	0	0	0	0	0	0
8011	676	1014	0	0	0	0	0	0	0	0	0	0	0	0
8012	736	1104	0	0	0	0	0	0	0	0	0	0	0	0
8013	796	1194	0	0	0	0	0	0	0	0	0	0	0	0
8014	856	1284	0	0	0	0	0	0	0	0	0	0	0	0
8015	616	924	0	0	0	0	0	0	0	0	0	0	0	0
8016	676	1014	0	0	0	0	0	0	0	0	0	0	0	0
8017	736	1104	0	0	0	0	0	0	0	0	0	0	0	0
8018	796	1194	0	0	0	0	0	0	0	0	0	0	0	0
8019	856	1284	0	0	0	0	0	0	0	0	0	0	0	0
8020	966	1404	0	0	0	0	0	0	0	0	0	0	0	0
8021	966	1404	0	0	0	0	0	0	0	0	0	0	0	0
8022	966	1404	0	0	0	0	0	0	0	0	0	0	0	0
8023	966	1404	0	0	0	0	0	0	0	0	0	0	0	0
8024	976	1464	0	0	0	0	0	0	0	0	0	0	0	0
8025	1036	1554	0	0	0	0	0	0	0	0	0	0	0	0
8026	1096	1644	0	0	0	0	0	0	0	0	0	0	0	0
8027	1196	1744	0	0	0	0	0	0	0	0	0	0	0	0
8031	1000	2000	0	0	0	0	0	0	0	0	0	0	0	0
8032	1000	2000	0	0	0	0	0	0	0	0	0	0	0	0
8033	1000	2000	0	0	0	0	0	0	0	0	0	0	0	0
8034	1000	2000	0	0	0	0	0	0	0	0	0	0	0	0
8035	1000	2000	0	0	0	0	0	0	0	0	0	0	0	0
8036	1000	2000	0	0	0	0	0	0	0	0	0	0	0	0
8037	1000	2000	0	0	0	0	0	0	0	0	0	0	0	0
8038	1000	2000	0	0	0	0	0	0	0	0	0	0	0	0
8039	1000	2000	0	0	0	0	0	0	0	0	0	0	0	0
8040	1000	2000	0	0	0	0	0	0	0	0	0	0	0	0
8041	272	612	0	0	0	0	0	0	0	0	0	0	0	0
8042	512	1152	0	0	0	0	0	0	0	0	0	0	0	0
8043	752	1692	0	0	0	0	0	0	0	0	0	0	0	0
8044	992	2232	0	0	0	0	0	0	0	0	0	0	0	0
8045	1232	2772	0	0	0	0	0	0	0	0	0	0	0	0
8046	1472	3312	0	0	0	0	0	0	0	0	0	0	0	0
8047	1712	3852	0	0	0	0	0	0	0	0	0	0	0	0
8048	2072	4662	0	0	0	0	0	0	0	0	0	0	0	0
8049	2392	5382	0	0	0	0	0	0	0	0	0	0	0	0
8050	2824	6354	0	0	0	0	0	0	0	0	0	0	0	0
8051	2072	4662	0	0	0	0	0	0	0	0	0	0	0	0
8052	2072	4662	0	0	0	0	0	0	0	0	0	0	0	0
8053	2392	5382	0	0	0	0	0	0	0	0	0	0	0	0
8054	2392	5382	0	0	0	0	0	0	0	0	0	0	0	0
8055	2824	6354	0	0	0	0	0	0	0	0	0	0	0	0
8056	2824	6354	0	0	0	0	0	0	0	0	0	0	0	0
8057	2392	5382	0	0	0	0	0	0	0	0	0	0	0	0
8101	0	0	0	0	0	0	0	0	0	0	0	0	0	0
8102	0	0	0	0	0	0	0	0	0	0	0	0	0	0
8103	0	0	0	0	0	0	0	0	0	0	0	0	0	0
8104	0	0	0	0	0	0	0	0	0	0	0	0	0	0
8105	0	0	0	0	0	0	0	0	0	0	0	0	0	0
8106	0	0	0	0	0	0	0	0	0	0	0	0	0	0
8107	0	0	0	0	0	0	0	0	0	0	0	0	0	0
8108	0	0	0	0	0	0	0	0	0	0	0	0	0	0
8109	0	0	0	0	0	0	0	0	0	0	0	0	0	0
8110	0	0	0	0	0	0	0	0	0	0	0	0	0	0
8111	0	0	0	0	0	0	0	0	0	0	0	0	0	0
8112	0	0	0	0	0	0	0	0	0	0	0	0	0	0
8113	0	0	0	0	0	0	0	0	0	0	0	0	0	0
8114	0	0	0	0	0	0	0	0	0	0	0	0	0	0
8501	124	186	0	70104	0	0	0	0	0	0	0	0	0	0
8502	100	150	0	0	0	0	0	0	0	0	0	0	0	0
8503	224	337	0	70104	0	0	0	0	0	0	0	0	0	0
8504	30	45	0	0	0	0	0	0	0	0	0	0	0	0
8505	56	84	0	0	0	0	0	0	0	0	0	0	0	0
8506	44	67	0	0	0	0	0	0	0	0	0	0	0	0
8507	76	114	0	0	0	0	0	0	0	0	0	0	0	0
8508	160	240	0	0	0	0	0	0	0	0	0	0	0	0
8509	119	178	0	0	0	0	0	0	0	0	0	0	0	0
8510	150	225	0	0	0	0	0	0	0	0	0	0	0	0
8511	77	116	0	0	0	0	0	0	0	0	0	0	0	0
8600	23400	35100	0	0	35	256	0	0	0	0	0	0	0	0
8601	23400	35100	0	0	35	256	0	0	0	0	0	0	0	0
8602	23400	35100	0	0	35	257	35	258	0	0	0	0	0	0
8603	23400	35100	0	0	35	257	35	258	0	0	0	0	0	0
8604	23400	35100	0	0	30	256	0	0	0	0	0	0	0	0
8605	23400	35100	0	0	30	256	0	0	0	0	0	0	0	0
8606	23400	35100	0	0	10	259	40	260	0	0	0	0	0	0
8607	23400	35100	0	0	10	259	40	260	0	0	0	0	0	0
8608	23400	35100	0	0	35	258	40	259	0	0	0	0	0	0
8609	23400	35100	0	0	35	258	40	259	0	0	0	0	0	0
8610	23400	35100	0	0	40	258	0	0	0	0	0	0	0	0
8611	23400	35100	0	0	40	258	0	0	0	0	0	0	0	0
8612	23400	35100	0	0	40	261	0	0	0	0	0	0	0	0
8613	23400	35100	0	0	40	261	0	0	0	0	0	0	0	0
8614	23400	35100	0	0	40	256	30	256	0	0	0	0	0	0
8615	23400	35100	0	0	40	256	30	256	0	0	0	0	0	0
9001	0	0	0	0	0	0	0	0	0	0	0	0	0	0
9002	0	0	0	0	0	0	0	0	0	0	0	0	0	0
9003	0	0	0	0	0	0	0	0	0	0	0	0	0	0
9004	0	0	0	0	0	0	0	0	0	0	0	0	0	0
9005	0	0	0	0	0	0	0	0	0	0	0	0	0	0
9006	0	0	0	0	0	0	0	0	0	0	0	0	0	0
9007	0	0	0	0	0	0	0	0	0	0	0	0	0	0
9008	0	0	0	0	0	0	0	0	0	0	0	0	0	0
9009	0	0	0	0	0	0	0	0	0	0	0	0	0	0
9010	0	0	0	0	0	0	0	0	0	0	0	0	0	0
9011	0	0	0	0	0	0	0	0	0	0	0	0	0	0
9012	0	0	0	0	0	0	0	0	0	0	0	0	0	0
10001	0	0	0	0	0	0	0	0	0	0	0	0	0	0
10002	0	0	0	0	0	0	0	0	0	0	0	0	0	0
10003	0	0	0	0	0	0	0	0	0	0	0	0	0	0
10004	0	0	0	0	0	0	0	0	0	0	0	0	0	0
10005	0	0	0	0	0	0	0	0	0	0	0	0	0	0
10006	0	0	0	0	0	0	0	0	0	0	0	0	0	0
10007	0	0	0	0	0	0	0	0	0	0	0	0	0	0
10008	0	0	0	0	0	0	0	0	0	0	0	0	0	0
10009	0	0	0	0	0	0	0	0	0	0	0	0	0	0
10010	0	0	0	0	0	0	0	0	0	0	0	0	0	0
10011	0	0	0	0	0	0	0	0	0	0	0	0	0	0
10012	0	0	0	0	0	0	0	0	0	0	0	0	0	0
10013	0	0	0	0	0	0	0	0	0	0	0	0	0	0
10014	0	0	0	0	0	0	0	0	0	0	0	0	0	0
10015	0	0	0	0	0	0	0	0	0	0	0	0	0	0
10016	0	0	0	0	0	0	0	0	0	0	0	0	0	0
10017	0	0	0	0	0	0	0	0	0	0	0	0	0	0
10018	0	0	0	0	0	0	0	0	0	0	0	0	0	0
10019	0	0	0	0	0	0	0	0	0	0	0	0	0	0
10020	0	0	0	0	0	0	0	0	0	0	0	0	0	0
10021	0	0	0	0	0	0	0	0	0	0	0	0	0	0
10022	0	0	0	0	0	0	0	0	0	0	0	0	0	0
10023	0	0	0	0	0	0	0	0	0	0	0	0	0	0
10024	0	0	0	0	0	0	0	0	0	0	0	0	0	0
10025	0	0	0	0	0	0	0	0	0	0	0	0	0	0
10026	0	0	0	0	0	0	0	0	0	0	0	0	0	0
10027	0	0	0	0	0	0	0	0	0	0	0	0	0	0
10028	0	0	0	0	0	0	0	0	0	0	0	0	0	0
10029	0	0	0	0	0	0	0	0	0	0	0	0	0	0
10030	0	0	0	0	0	0	0	0	0	0	0	0	0	0
10031	0	0	0	0	0	0	0	0	0	0	0	0	0	0
10032	0	0	0	0	0	0	0	0	0	0	0	0	0	0
10033	0	0	0	0	0	0	0	0	0	0	0	0	0	0
10034	0	0	0	0	0	0	0	0	0	0	0	0	0	0
10035	0	0	0	0	0	0	0	0	0	0	0	0	0	0
10036	0	0	0	0	0	0	0	0	0	0	0	0	0	0
10037	0	0	0	0	0	0	0	0	0	0	0	0	0	0
10038	0	0	0	0	0	0	0	0	0	0	0	0	0	0
10039	0	0	0	0	0	0	0	0	0	0	0	0	0	0
10040	0	0	0	0	0	0	0	0	0	0	0	0	0	0
10041	0	0	0	0	0	0	0	0	0	0	0	0	0	0
10042	0	0	0	0	0	0	0	0	0	0	0	0	0	0
10043	0	0	0	0	0	0	0	0	0	0	0	0	0	0
10044	0	0	0	0	0	0	0	0	0	0	0	0	0	0
10045	0	0	0	0	0	0	0	0	0	0	0	0	0	0
10046	0	0	0	0	0	0	0	0	0	0	0	0	0	0
10047	0	0	0	0	0	0	0	0	0	0	0	0	0	0
10048	0	0	0	0	0	0	0	0	0	0	0	0	0	0
10049	0	0	0	0	0	0	0	0	0	0	0	0	0	0
10050	0	0	0	0	0	0	0	0	0	0	0	0	0	0
10051	0	0	0	0	0	0	0	0	0	0	0	0	0	0
10052	0	0	0	0	0	0	0	0	0	0	0	0	0	0
10053	0	0	0	0	0	0	0	0	0	0	0	0	0	0
10054	0	0	0	0	0	0	0	0	0	0	0	0	0	0
10055	0	0	0	0	0	0	0	0	0	0	0	0	0	0
10056	0	0	0	0	0	0	0	0	0	0	0	0	0	0
10057	0	0	0	0	0	0	0	0	0	0	0	0	0	0
10058	0	0	0	0	0	0	0	0	0	0	0	0	0	0
10059	0	0	0	0	0	0	0	0	0	0	0	0	0	0
10060	0	0	0	0	0	0	0	0	0	0	0	0	0	0
10061	0	0	0	0	0	0	0	0	0	0	0	0	0	0
10062	0	0	0	0	0	0	0	0	0	0	0	0	0	0
10063	0	0	0	0	0	0	0	0	0	0	0	0	0	0
10064	0	0	0	0	0	0	0	0	0	0	0	0	0	0
10065	0	0	0	0	0	0	0	0	0	0	0	0	0	0
10066	0	0	0	0	0	0	0	0	0	0	0	0	0	0
10067	0	0	0	0	0	0	0	0	0	0	0	0	0	0
10068	0	0	0	0	0	0	0	0	0	0	0	0	0	0
10069	0	0	0	0	0	0	0	0	0	0	0	0	0	0
10070	0	0	0	0	0	0	0	0	0	0	0	0	0	0
10071	0	0	0	0	0	0	0	0	0	0	0	0	0	0
10072	0	0	0	0	0	0	0	0	0	0	0	0	0	0
10073	0	0	0	0	0	0	0	0	0	0	0	0	0	0
10074	0	0	0	0	0	0	0	0	0	0	0	0	0	0
10075	0	0	0	0	0	0	0	0	0	0	0	0	0	0
10076	0	0	0	0	0	0	0	0	0	0	0	0	0	0
10077	0	0	0	0	0	0	0	0	0	0	0	0	0	0
10078	0	0	0	0	0	0	0	0	0	0	0	0	0	0
10079	0	0	0	0	0	0	0	0	0	0	0	0	0	0
10080	0	0	0	0	0	0	0	0	0	0	0	0	0	0
10081	0	0	0	0	0	0	0	0	0	0	0	0	0	0
10082	0	0	0	0	0	0	0	0	0	0	0	0	0	0
10083	0	0	0	0	0	0	0	0	0	0	0	0	0	0
10084	0	0	0	0	0	0	0	0	0	0	0	0	0	0
10085	0	0	0	0	0	0	0	0	0	0	0	0	0	0
10086	0	0	0	0	0	0	0	0	0	0	0	0	0	0
10087	0	0	0	0	0	0	0	0	0	0	0	0	0	0
10088	0	0	0	0	0	0	0	0	0	0	0	0	0	0
10089	0	0	0	0	0	0	0	0	0	0	0	0	0	0
10090	0	0	0	0	0	0	0	0	0	0	0	0	0	0
10091	0	0	0	0	0	0	0	0	0	0	0	0	0	0
10092	0	0	0	0	0	0	0	0	0	0	0	0	0	0
10093	0	0	0	0	0	0	0	0	0	0	0	0	0	0
10094	0	0	0	0	0	0	0	0	0	0	0	0	0	0
10095	0	0	0	0	0	0	0	0	0	0	0	0	0	0
10096	0	0	0	0	0	0	0	0	0	0	0	0	0	0
10097	0	0	0	0	0	0	0	0	0	0	0	0	0	0
10098	0	0	0	0	0	0	0	0	0	0	0	0	0	0
10099	0	0	0	0	0	0	0	0	0	0	0	0	0	0
10100	0	0	0	0	0	0	0	0	0	0	0	0	0	0
10101	0	0	0	0	0	0	0	0	0	0	0	0	0	0
10102	0	0	0	0	0	0	0	0	0	0	0	0	0	0
10103	0	0	0	0	0	0	0	0	0	0	0	0	0	0
10104	0	0	0	0	0	0	0	0	0	0	0	0	0	0
10105	0	0	0	0	0	0	0	0	0	0	0	0	0	0
10501	0	0	0	0	0	0	0	0	0	0	0	0	0	0
10502	0	0	0	0	0	0	0	0	0	0	0	0	0	0
10503	0	0	0	0	0	0	0	0	0	0	0	0	0	0
10504	0	0	0	0	0	0	0	0	0	0	0	0	0	0
10505	0	0	0	0	0	0	0	0	0	0	0	0	0	0
10506	0	0	0	0	0	0	0	0	0	0	0	0	0	0
10507	0	0	0	0	0	0	0	0	0	0	0	0	0	0
10508	0	0	0	0	0	0	0	0	0	0	0	0	0	0
10509	0	0	0	0	0	0	0	0	0	0	0	0	0	0
10510	0	0	0	0	0	0	0	0	0	0	0	0	0	0
10511	0	0	0	0	0	0	0	0	0	0	0	0	0	0
10512	0	0	0	0	0	0	0	0	0	0	0	0	0	0
10513	0	0	0	0	0	0	0	0	0	0	0	0	0	0
10514	0	0	0	0	0	0	0	0	0	0	0	0	0	0
10515	0	0	0	0	0	0	0	0	0	0	0	0	0	0
10516	0	0	0	0	0	0	0	0	0	0	0	0	0	0
10517	0	0	0	0	0	0	0	0	0	0	0	0	0	0
10518	0	0	0	0	0	0	0	0	0	0	0	0	0	0
10519	0	0	0	0	0	0	0	0	0	0	0	0	0	0
10520	0	0	0	0	0	0	0	0	0	0	0	0	0	0
10521	0	0	0	0	0	0	0	0	0	0	0	0	0	0
10522	0	0	0	0	0	0	0	0	0	0	0	0	0	0
10523	0	0	0	0	0	0	0	0	0	0	0	0	0	0
10524	0	0	0	0	0	0	0	0	0	0	0	0	0	0
10601	0	0	0	0	0	0	0	0	0	0	0	0	0	0
10602	0	0	0	0	0	0	0	0	0	0	0	0	0	0
10603	0	0	0	0	0	0	0	0	0	0	0	0	0	0
10604	0	0	0	0	0	0	0	0	0	0	0	0	0	0
10605	0	0	0	0	0	0	0	0	0	0	0	0	0	0
10606	0	0	0	0	0	0	0	0	0	0	0	0	0	0
10607	0	0	0	0	0	0	0	0	0	0	0	0	0	0
10608	0	0	0	0	0	0	0	0	0	0	0	0	0	0
10609	0	0	0	0	0	0	0	0	0	0	0	0	0	0
10610	0	0	0	0	0	0	0	0	0	0	0	0	0	0
10611	0	0	0	0	0	0	0	0	0	0	0	0	0	0
10612	0	0	0	0	0	0	0	0	0	0	0	0	0	0
10613	0	0	0	0	0	0	0	0	0	0	0	0	0	0
10614	0	0	0	0	0	0	0	0	0	0	0	0	0	0
10615	0	0	0	0	0	0	0	0	0	0	0	0	0	0
10616	0	0	0	0	0	0	0	0	0	0	0	0	0	0
10617	0	0	0	0	0	0	0	0	0	0	0	0	0	0
10618	0	0	0	0	0	0	0	0	0	0	0	0	0	0
10619	0	0	0	0	0	0	0	0	0	0	0	0	0	0
10620	0	0	0	0	0	0	0	0	0	0	0	0	0	0
10621	0	0	0	0	0	0	0	0	0	0	0	0	0	0
10622	0	0	0	0	0	0	0	0	0	0	0	0	0	0
10623	0	0	0	0	0	0	0	0	0	0	0	0	0	0
10624	0	0	0	0	0	0	0	0	0	0	0	0	0	0
10625	0	0	0	0	0	0	0	0	0	0	0	0	0	0
10626	0	0	0	0	0	0	0	0	0	0	0	0	0	0
10701	0	0	0	0	0	0	0	0	0	0	0	0	0	0
10702	0	0	0	0	0	0	0	0	0	0	0	0	0	0
10703	0	0	0	0	0	0	0	0	0	0	0	0	0	0
10704	0	0	0	0	0	0	0	0	0	0	0	0	0	0
10705	0	0	0	0	0	0	0	0	0	0	0	0	0	0
10706	0	0	0	0	0	0	0	0	0	0	0	0	0	0
10707	0	0	0	0	0	0	0	0	0	0	0	0	0	0
10708	0	0	0	0	0	0	0	0	0	0	0	0	0	0
10709	0	0	0	0	0	0	0	0	0	0	0	0	0	0
10710	0	0	0	0	0	0	0	0	0	0	0	0	0	0
10711	0	0	0	0	0	0	0	0	0	0	0	0	0	0
10712	0	0	0	0	0	0	0	0	0	0	0	0	0	0
10713	0	0	0	0	0	0	0	0	0	0	0	0	0	0
10714	0	0	0	0	0	0	0	0	0	0	0	0	0	0
10715	0	0	0	0	0	0	0	0	0	0	0	0	0	0
10716	0	0	0	0	0	0	0	0	0	0	0	0	0	0
10717	0	0	0	0	0	0	0	0	0	0	0	0	0	0
10718	0	0	0	0	0	0	0	0	0	0	0	0	0	0
10719	0	0	0	0	0	0	0	0	0	0	0	0	0	0
10720	0	0	0	0	0	0	0	0	0	0	0	0	0	0
10721	0	0	0	0	0	0	0	0	0	0	0	0	0	0
10722	0	0	0	0	0	0	0	0	0	0	0	0	0	0
10723	0	0	0	0	0	0	0	0	0	0	0	0	0	0
10724	0	0	0	0	0	0	0	0	0	0	0	0	0	0
10725	0	0	0	0	0	0	0	0	0	0	0	0	0	0
10726	0	0	0	0	0	0	0	0	0	0	0	0	0	0
10801	0	0	0	0	0	0	0	0	0	0	0	0	0	0
10802	0	0	0	0	0	0	0	0	0	0	0	0	0	0
10803	0	0	0	0	0	0	0	0	0	0	0	0	0	0
10804	0	0	0	0	0	0	0	0	0	0	0	0	0	0
10805	0	0	0	0	0	0	0	0	0	0	0	0	0	0
10806	0	0	0	0	0	0	0	0	0	0	0	0	0	0
10807	0	0	0	0	0	0	0	0	0	0	0	0	0	0
10808	0	0	0	0	0	0	0	0	0	0	0	0	0	0
10809	0	0	0	0	0	0	0	0	0	0	0	0	0	0
10810	0	0	0	0	0	0	0	0	0	0	0	0	0	0
10811	0	0	0	0	0	0	0	0	0	0	0	0	0	0
10812	0	0	0	0	0	0	0	0	0	0	0	0	0	0
10813	0	0	0	0	0	0	0	0	0	0	0	0	0	0
10814	0	0	0	0	0	0	0	0	0	0	0	0	0	0
10815	0	0	0	0	0	0	0	0	0	0	0	0	0	0
10816	0	0	0	0	0	0	0	0	0	0	0	0	0	0
10817	0	0	0	0	0	0	0	0	0	0	0	0	0	0
10818	0	0	0	0	0	0	0	0	0	0	0	0	0	0
10819	0	0	0	0	0	0	0	0	0	0	0	0	0	0
10820	0	0	0	0	0	0	0	0	0	0	0	0	0	0
10821	0	0	0	0	0	0	0	0	0	0	0	0	0	0
10822	0	0	0	0	0	0	0	0	0	0	0	0	0	0
10823	0	0	0	0	0	0	0	0	0	0	0	0	0	0
10824	0	0	0	0	0	0	0	0	0	0	0	0	0	0
10825	0	0	0	0	0	0	0	0	0	0	0	0	0	0
10826	0	0	0	0	0	0	0	0	0	0	0	0	0	0
10827	0	0	0	0	0	0	0	0	0	0	0	0	0	0
10828	0	0	0	0	0	0	0	0	0	0	0	0	0	0
10829	0	0	0	0	0	0	0	0	0	0	0	0	0	0
10830	0	0	0	0	0	0	0	0	0	0	0	0	0	0
10831	0	0	0	0	0	0	0	0	0	0	0	0	0	0
10832	0	0	0	0	0	0	0	0	0	0	0	0	0	0
10833	0	0	0	0	0	0	0	0	0	0	0	0	0	0
10834	0	0	0	0	0	0	0	0	0	0	0	0	0	0
10835	0	0	0	0	0	0	0	0	0	0	0	0	0	0
11000	0	0	0	0	0	0	0	0	0	0	0	0	0	0
11001	0	0	0	0	0	0	0	0	0	0	0	0	0	0
11002	0	0	0	0	0	0	0	0	0	0	0	0	0	0
11003	0	0	0	0	0	0	0	0	0	0	0	0	0	0
11004	0	0	0	0	0	0	0	0	0	0	0	0	0	0
11005	0	0	0	0	0	0	0	0	0	0	0	0	0	0
11100	1000	3000	0	0	0	0	0	0	0	0	0	0	0	0
11101	1000	3000	0	0	0	0	0	0	0	0	0	0	0	0
11102	1000	3000	0	0	0	0	0	0	0	0	0	0	0	0
11103	1000	3000	0	0	0	0	0	0	0	0	0	0	0	0
11104	1000	3000	0	0	0	0	0	0	0	0	0	0	0	0
11105	1000	3000	0	0	0	0	0	0	0	0	0	0	0	0
11106	1500	3500	0	0	0	0	0	0	0	0	0	0	0	0
11107	1500	3500	0	0	0	0	0	0	0	0	0	0	0	0
11108	1500	3500	0	0	0	0	0	0	0	0	0	0	0	0
11109	1500	3500	0	0	0	0	0	0	0	0	0	0	0	0
11110	1500	3500	0	0	0	0	0	0	0	0	0	0	0	0
11111	1500	3500	0	0	0	0	0	0	0	0	0	0	0	0
11112	2000	4000	0	0	0	0	0	0	0	0	0	0	0	0
11113	2000	4000	0	0	0	0	0	0	0	0	0	0	0	0
11114	2000	4000	0	0	0	0	0	0	0	0	0	0	0	0
11115	2000	4000	0	0	0	0	0	0	0	0	0	0	0	0
11116	2000	4000	0	0	0	0	0	0	0	0	0	0	0	0
11117	2000	4000	0	0	0	0	0	0	0	0	0	0	0	0
11505	0	0	0	0	0	0	0	0	0	0	0	0	0	0
11506	10000	20000	0	0	0	0	0	0	0	0	0	0	0	0
11507	10000	20000	0	0	0	0	0	0	0	0	0	0	0	0
11508	10000	20000	0	0	0	0	0	0	0	0	0	0	0	0
11509	10000	20000	0	0	0	0	0	0	0	0	0	0	0	0
11510	10000	20000	0	0	0	0	0	0	0	0	0	0	0	0
12000	0	0	0	0	0	0	0	0	0	0	0	0	0	0
13000	0	0	0	0	0	0	0	0	0	0	0	0	0	0
13001	0	0	0	0	0	0	0	0	0	0	0	0	0	0
14000	0	0	0	0	0	0	0	0	0	0	0	0	0	0
14001	0	0	0	0	0	0	0	0	0	0	0	0	0	0
14002	0	0	0	0	0	0	0	0	0	0	0	0	0	0
14003	0	0	0	0	0	0	0	0	0	0	0	0	0	0
14004	0	0	0	0	0	0	0	0	0	0	0	0	0	0
14005	0	0	0	0	0	0	0	0	0	0	0	0	0	0
14006	0	0	0	0	0	0	0	0	0	0	0	0	0	0
14007	0	0	0	0	0	0	0	0	0	0	0	0	0	0
14008	0	0	0	0	0	0	0	0	0	0	0	0	0	0
14009	0	0	0	0	0	0	0	0	0	0	0	0	0	0
14010	0	0	0	0	0	0	0	0	0	0	0	0	0	0
14011	0	0	0	0	0	0	0	0	0	0	0	0	0	0
14012	0	0	0	0	0	0	0	0	0	0	0	0	0	0
14013	0	0	0	0	0	0	0	0	0	0	0	0	0	0
14014	0	0	0	0	0	0	0	0	0	0	0	0	0	0
14015	0	0	0	0	0	0	0	0	0	0	0	0	0	0
14016	0	0	0	0	0	0	0	0	0	0	0	0	0	0
14017	0	0	0	0	0	0	0	0	0	0	0	0	0	0
14018	0	0	0	0	0	0	0	0	0	0	0	0	0	0
14019	0	0	0	0	0	0	0	0	0	0	0	0	0	0
14020	0	0	0	0	0	0	0	0	0	0	0	0	0	0
14021	0	0	0	0	0	0	0	0	0	0	0	0	0	0
14022	0	0	0	0	0	0	0	0	0	0	0	0	0	0
14023	0	0	0	0	0	0	0	0	0	0	0	0	0	0
14024	0	0	0	0	0	0	0	0	0	0	0	0	0	0
14025	0	0	0	0	0	0	0	0	0	0	0	0	0	0
14026	0	0	0	0	0	0	0	0	0	0	0	0	0	0
14027	0	0	0	0	0	0	0	0	0	0	0	0	0	0
14028	0	0	0	0	0	0	0	0	0	0	0	0	0	0
14029	0	0	0	0	0	0	0	0	0	0	0	0	0	0
14030	0	0	0	0	0	0	0	0	0	0	0	0	0	0
14031	0	0	0	0	0	0	0	0	0	0	0	0	0	0
14032	0	0	0	0	0	0	0	0	0	0	0	0	0	0
14033	0	0	0	0	0	0	0	0	0	0	0	0	0	0
14034	0	0	0	0	0	0	0	0	0	0	0	0	0	0
14035	0	0	0	0	0	0	0	0	0	0	0	0	0	0
14036	0	0	0	0	0	0	0	0	0	0	0	0	0	0
14037	0	0	0	0	0	0	0	0	0	0	0	0	0	0
14038	0	0	0	0	0	0	0	0	0	0	0	0	0	0
14039	0	0	0	0	0	0	0	0	0	0	0	0	0	0
14040	0	0	0	0	0	0	0	0	0	0	0	0	0	0
14041	0	0	0	0	0	0	0	0	0	0	0	0	0	0
14042	0	0	0	0	0	0	0	0	0	0	0	0	0	0
14043	0	0	0	0	0	0	0	0	0	0	0	0	0	0
14044	0	0	0	0	0	0	0	0	0	0	0	0	0	0
14045	0	0	0	0	0	0	0	0	0	0	0	0	0	0
14046	0	0	0	0	0	0	0	0	0	0	0	0	0	0
14047	0	0	0	0	0	0	0	0	0	0	0	0	0	0
14048	0	0	0	0	0	0	0	0	0	0	0	0	0	0
14049	0	0	0	0	0	0	0	0	0	0	0	0	0	0
20001	0	0	0	0	0	0	0	0	0	0	0	0	0	0
20002	0	0	0	0	0	0	0	0	0	0	0	0	0	0
20003	0	0	0	0	0	0	0	0	0	0	0	0	0	0
20004	0	0	0	0	0	0	0	0	0	0	0	0	0	0
20005	0	0	0	0	0	0	0	0	0	0	0	0	0	0
20006	0	0	0	0	0	0	0	0	0	0	0	0	0	0
20007	0	0	0	0	0	0	0	0	0	0	0	0	0	0
20008	0	0	0	0	0	0	0	0	0	0	0	0	0	0
20009	0	0	0	0	0	0	0	0	0	0	0	0	0	0
20010	0	0	0	0	0	0	0	0	0	0	0	0	0	0
20011	0	0	0	0	0	0	0	0	0	0	0	0	0	0
20012	0	0	0	0	0	0	0	0	0	0	0	0	0	0
20013	0	0	0	0	0	0	0	0	0	0	0	0	0	0
20014	0	0	0	0	0	0	0	0	0	0	0	0	0	0
20015	0	0	0	0	0	0	0	0	0	0	0	0	0	0
20016	0	0	0	0	0	0	0	0	0	0	0	0	0	0
20017	0	0	0	0	0	0	0	0	0	0	0	0	0	0
20018	0	0	0	0	0	0	0	0	0	0	0	0	0	0
20019	0	0	0	0	0	0	0	0	0	0	0	0	0	0
20020	0	0	0	0	0	0	0	0	0	0	0	0	0	0
20021	0	0	0	0	0	0	0	0	0	0	0	0	0	0
20022	0	0	0	0	0	0	0	0	0	0	0	0	0	0
20023	0	0	0	0	0	0	0	0	0	0	0	0	0	0
20024	0	0	0	0	0	0	0	0	0	0	0	0	0	0
20025	0	0	0	0	0	0	0	0	0	0	0	0	0	0
20026	0	0	0	0	0	0	0	0	0	0	0	0	0	0
20027	0	0	0	0	0	0	0	0	0	0	0	0	0	0
20028	0	0	0	0	0	0	0	0	0	0	0	0	0	0
20029	0	0	0	0	0	0	0	0	0	0	0	0	0	0
20030	0	0	0	0	0	0	0	0	0	0	0	0	0	0
20031	0	0	0	0	0	0	0	0	0	0	0	0	0	0
20032	0	0	0	0	0	0	0	0	0	0	0	0	0	0
20033	0	0	0	0	0	0	0	0	0	0	0	0	0	0
20034	0	0	0	0	0	0	0	0	0	0	0	0	0	0
20035	0	0	0	0	0	0	0	0	0	0	0	0	0	0
20036	0	0	0	0	0	0	0	0	0	0	0	0	0	0
20037	0	0	0	0	0	0	0	0	0	0	0	0	0	0
20038	0	0	0	0	0	0	0	0	0	0	0	0	0	0
20039	0	0	0	0	0	0	0	0	0	0	0	0	0	0
20040	0	0	0	0	0	0	0	0	0	0	0	0	0	0
20041	0	0	0	0	0	0	0	0	0	0	0	0	0	0
20042	0	0	0	0	0	0	0	0	0	0	0	0	0	0
20043	0	0	0	0	0	0	0	0	0	0	0	0	0	0
20044	0	0	0	0	0	0	0	0	0	0	0	0	0	0
20045	0	0	0	0	0	0	0	0	0	0	0	0	0	0
20046	0	0	0	0	0	0	0	0	0	0	0	0	0	0
20047	0	0	0	0	0	0	0	0	0	0	0	0	0	0
20048	0	0	0	0	0	0	0	0	0	0	0	0	0	0
20049	0	0	0	0	0	0	0	0	0	0	0	0	0	0
20050	0	0	0	0	0	0	0	0	0	0	0	0	0	0
20051	0	0	0	0	0	0	0	0	0	0	0	0	0	0
20052	0	0	0	0	0	0	0	0	0	0	0	0	0	0
20053	0	0	0	0	0	0	0	0	0	0	0	0	0	0
20054	0	0	0	0	0	0	0	0	0	0	0	0	0	0
20055	0	0	0	0	0	0	0	0	0	0	0	0	0	0
20056	0	0	0	0	0	0	0	0	0	0	0	0	0	0
20057	0	0	0	0	0	0	0	0	0	0	0	0	0	0
20058	0	0	0	0	0	0	0	0	0	0	0	0	0	0
20059	0	0	0	0	0	0	0	0	0	0	0	0	0	0
20060	0	0	0	0	0	0	0	0	0	0	0	0	0	0
20061	0	0	0	0	0	0	0	0	0	0	0	0	0	0
20062	0	0	0	0	0	0	0	0	0	0	0	0	0	0
20063	0	0	0	0	0	0	0	0	0	0	0	0	0	0
20064	0	0	0	0	0	0	0	0	0	0	0	0	0	0
20065	0	0	0	0	0	0	0	0	0	0	0	0	0	0
20066	0	0	0	0	0	0	0	0	0	0	0	0	0	0
20067	0	0	0	0	0	0	0	0	0	0	0	0	0	0
20068	0	0	0	0	0	0	0	0	0	0	0	0	0	0
20069	0	0	0	0	0	0	0	0	0	0	0	0	0	0
20070	0	0	0	0	0	0	0	0	0	0	0	0	0	0
20071	0	0	0	0	0	0	0	0	0	0	0	0	0	0
20072	0	0	0	0	0	0	0	0	0	0	0	0	0	0
20073	0	0	0	0	0	0	0	0	0	0	0	0	0	0
20074	0	0	0	0	0	0	0	0	0	0	0	0	0	0
20075	0	0	0	0	0	0	0	0	0	0	0	0	0	0
20076	0	0	0	0	0	0	0	0	0	0	0	0	0	0
20077	0	0	0	0	0	0	0	0	0	0	0	0	0	0
20078	0	0	0	0	0	0	0	0	0	0	0	0	0	0
20079	0	0	0	0	0	0	0	0	0	0	0	0	0	0
20080	0	0	0	0	0	0	0	0	0	0	0	0	0	0
20081	0	0	0	0	0	0	0	0	0	0	0	0	0	0
20082	0	0	0	0	0	0	0	0	0	0	0	0	0	0
20083	0	0	0	0	0	0	0	0	0	0	0	0	0	0
20084	0	0	0	0	0	0	0	0	0	0	0	0	0	0
20085	0	0	0	0	0	0	0	0	0	0	0	0	0	0
20086	0	0	0	0	0	0	0	0	0	0	0	0	0	0
20087	0	0	0	0	0	0	0	0	0	0	0	0	0	0
20088	0	0	0	0	0	0	0	0	0	0	0	0	0	0
20089	0	0	0	0	0	0	0	0	0	0	0	0	0	0
20090	0	0	0	0	0	0	0	0	0	0	0	0	0	0
20091	0	0	0	0	0	0	0	0	0	0	0	0	0	0
20092	0	0	0	0	0	0	0	0	0	0	0	0	0	0
20093	0	0	0	0	0	0	0	0	0	0	0	0	0	0
20094	0	0	0	0	0	0	0	0	0	0	0	0	0	0
20095	0	0	0	0	0	0	0	0	0	0	0	0	0	0
20096	0	0	0	0	0	0	0	0	0	0	0	0	0	0
20097	0	0	0	0	0	0	0	0	0	0	0	0	0	0
20098	0	0	0	0	0	0	0	0	0	0	0	0	0	0
20099	0	0	0	0	0	0	0	0	0	0	0	0	0	0
20101	0	0	0	0	0	0	0	0	0	0	0	0	0	0
20102	0	0	0	0	0	0	0	0	0	0	0	0	0	0
20103	0	0	0	0	0	0	0	0	0	0	0	0	0	0
20104	0	0	0	0	0	0	0	0	0	0	0	0	0	0
20105	0	0	0	0	0	0	0	0	0	0	0	0	0	0
20106	0	0	0	0	0	0	0	0	0	0	0	0	0	0
20107	0	0	0	0	0	0	0	0	0	0	0	0	0	0
20108	0	0	0	0	0	0	0	0	0	0	0	0	0	0
20109	0	0	0	0	0	0	0	0	0	0	0	0	0	0
20110	0	0	0	0	0	0	0	0	0	0	0	0	0	0
20111	0	0	0	0	0	0	0	0	0	0	0	0	0	0
20112	0	0	0	0	0	0	0	0	0	0	0	0	0	0
20113	0	0	0	0	0	0	0	0	0	0	0	0	0	0
20114	0	0	0	0	0	0	0	0	0	0	0	0	0	0
20115	0	0	0	0	0	0	0	0	0	0	0	0	0	0
20116	0	0	0	0	0	0	0	0	0	0	0	0	0	0
20117	0	0	0	0	0	0	0	0	0	0	0	0	0	0
20118	0	0	0	0	0	0	0	0	0	0	0	0	0	0
20119	0	0	0	0	0	0	0	0	0	0	0	0	0	0
20120	0	0	0	0	0	0	0	0	0	0	0	0	0	0
20121	0	0	0	0	0	0	0	0	0	0	0	0	0	0
20122	0	0	0	0	0	0	0	0	0	0	0	0	0	0
20123	0	0	0	0	0	0	0	0	0	0	0	0	0	0
20124	0	0	0	0	0	0	0	0	0	0	0	0	0	0
20125	0	0	0	0	0	0	0	0	0	0	0	0	0	0
20126	0	0	0	0	0	0	0	0	0	0	0	0	0	0
20201	0	0	0	0	0	0	0	0	0	0	0	0	0	0
20202	0	0	0	0	0	0	0	0	0	0	0	0	0	0
20203	0	0	0	0	0	0	0	0	0	0	0	0	0	0
20204	0	0	0	0	0	0	0	0	0	0	0	0	0	0
20205	0	0	0	0	0	0	0	0	0	0	0	0	0	0
20206	0	0	0	0	0	0	0	0	0	0	0	0	0	0
20207	0	0	0	0	0	0	0	0	0	0	0	0	0	0
20208	0	0	0	0	0	0	0	0	0	0	0	0	0	0
20209	0	0	0	0	0	0	0	0	0	0	0	0	0	0
20210	0	0	0	0	0	0	0	0	0	0	0	0	0	0
20211	0	0	0	0	0	0	0	0	0	0	0	0	0	0
20212	0	0	0	0	0	0	0	0	0	0	0	0	0	0
20213	0	0	0	0	0	0	0	0	0	0	0	0	0	0
20214	0	0	0	0	0	0	0	0	0	0	0	0	0	0
20215	0	0	0	0	0	0	0	0	0	0	0	0	0	0
20216	0	0	0	0	0	0	0	0	0	0	0	0	0	0
20217	0	0	0	0	0	0	0	0	0	0	0	0	0	0
20218	0	0	0	0	0	0	0	0	0	0	0	0	0	0
20219	0	0	0	0	0	0	0	0	0	0	0	0	0	0
20220	0	0	0	0	0	0	0	0	0	0	0	0	0	0
20221	0	0	0	0	0	0	0	0	0	0	0	0	0	0
20222	0	0	0	0	0	0	0	0	0	0	0	0	0	0
20223	0	0	0	0	0	0	0	0	0	0	0	0	0	0
20224	0	0	0	0	0	0	0	0	0	0	0	0	0	0
20225	0	0	0	0	0	0	0	0	0	0	0	0	0	0
20226	0	0	0	0	0	0	0	0	0	0	0	0	0	0
20227	0	0	0	0	0	0	0	0	0	0	0	0	0	0
20300	0	0	0	0	0	0	0	0	0	0	0	0	0	0
20301	0	0	0	0	0	0	0	0	0	0	0	0	0	0
20302	0	0	0	0	0	0	0	0	0	0	0	0	0	0
20303	0	0	0	0	0	0	0	0	0	0	0	0	0	0
20304	0	0	0	0	0	0	0	0	0	0	0	0	0	0
20305	0	0	0	0	0	0	0	0	0	0	0	0	0	0
20306	0	0	0	0	0	0	0	0	0	0	0	0	0	0
20307	0	0	0	0	0	0	0	0	0	0	0	0	0	0
20320	0	0	0	0	0	0	0	0	0	0	0	0	0	0
20321	0	0	0	0	0	0	0	0	0	0	0	0	0	0
20322	0	0	0	0	0	0	0	0	0	0	0	0	0	0
20323	0	0	0	0	0	0	0	0	0	0	0	0	0	0
20324	0	0	0	0	0	0	0	0	0	0	0	0	0	0
20325	0	0	0	0	0	0	0	0	0	0	0	0	0	0
20326	0	0	0	0	0	0	0	0	0	0	0	0	0	0
20327	0	0	0	0	0	0	0	0	0	0	0	0	0	0
20340	0	0	0	0	0	0	0	0	0	0	0	0	0	0
20341	0	0	0	0	0	0	0	0	0	0	0	0	0	0
20342	0	0	0	0	0	0	0	0	0	0	0	0	0	0
20343	0	0	0	0	0	0	0	0	0	0	0	0	0	0
20344	0	0	0	0	0	0	0	0	0	0	0	0	0	0
20345	0	0	0	0	0	0	0	0	0	0	0	0	0	0
20346	0	0	0	0	0	0	0	0	0	0	0	0	0	0
20347	0	0	0	0	0	0	0	0	0	0	0	0	0	0
20348	0	0	0	0	0	0	0	0	0	0	0	0	0	0
20349	0	0	0	0	0	0	0	0	0	0	0	0	0	0
20350	0	0	0	0	0	0	0	0	0	0	0	0	0	0
20351	0	0	0	0	0	0	0	0	0	0	0	0	0	0
20352	0	0	0	0	0	0	0	0	0	0	0	0	0	0
20353	0	0	0	0	0	0	0	0	0	0	0	0	0	0
20354	0	0	0	0	0	0	0	0	0	0	0	0	0	0
20355	0	0	0	0	0	0	0	0	0	0	0	0	0	0
20356	0	0	0	0	0	0	0	0	0	0	0	0	0	0
20357	0	0	0	0	0	0	0	0	0	0	0	0	0	0
20358	0	0	0	0	0	0	0	0	0	0	0	0	0	0
20359	0	0	0	0	0	0	0	0	0	0	0	0	0	0
20360	0	0	0	0	0	0	0	0	0	0	0	0	0	0
20361	0	0	0	0	0	0	0	0	0	0	0	0	0	0
20362	0	0	0	0	0	0	0	0	0	0	0	0	0	0
20363	0	0	0	0	0	0	0	0	0	0	0	0	0	0
20364	0	0	0	0	0	0	0	0	0	0	0	0	0	0
20365	0	0	0	0	0	0	0	0	0	0	0	0	0	0
20366	0	0	0	0	0	0	0	0	0	0	0	0	0	0
20367	0	0	0	0	0	0	0	0	0	0	0	0	0	0
20368	0	0	0	0	0	0	0	0	0	0	0	0	0	0
20369	0	0	0	0	0	0	0	0	0	0	0	0	0	0
20370	0	0	0	0	0	0	0	0	0	0	0	0	0	0
20371	0	0	0	0	0	0	0	0	0	0	0	0	0	0
20372	0	0	0	0	0	0	0	0	0	0	0	0	0	0
20373	0	0	0	0	0	0	0	0	0	0	0	0	0	0
20374	0	0	0	0	0	0	0	0	0	0	0	0	0	0
20375	0	0	0	0	0	0	0	0	0	0	0	0	0	0
20376	0	0	0	0	0	0	0	0	0	0	0	0	0	0
20377	0	0	0	0	0	0	0	0	0	0	0	0	0	0
20378	0	0	0	0	0	0	0	0	0	0	0	0	0	0
20379	0	0	0	0	0	0	0	0	0	0	0	0	0	0
20380	0	0	0	0	0	0	0	0	0	0	0	0	0	0
20381	0	0	0	0	0	0	0	0	0	0	0	0	0	0
20382	0	0	0	0	0	0	0	0	0	0	0	0	0	0
20383	0	0	0	0	0	0	0	0	0	0	0	0	0	0
20384	0	0	0	0	0	0	0	0	0	0	0	0	0	0
20385	0	0	0	0	0	0	0	0	0	0	0	0	0	0
20386	0	0	0	0	0	0	0	0	0	0	0	0	0	0
20387	0	0	0	0	0	0	0	0	0	0	0	0	0	0
20388	0	0	0	0	0	0	0	0	0	0	0	0	0	0
20389	0	0	0	0	0	0	0	0	0	0	0	0	0	0
20390	0	0	0	0	0	0	0	0	0	0	0	0	0	0
20391	0	0	0	0	0	0	0	0	0	0	0	0	0	0
20392	0	0	0	0	0	0	0	0	0	0	0	0	0	0
20393	0	0	0	0	0	0	0	0	0	0	0	0	0	0
20394	0	0	0	0	0	0	0	0	0	0	0	0	0	0
20395	0	0	0	0	0	0	0	0	0	0	0	0	0	0
30000	0	0	0	0	0	0	0	0	0	0	0	0	0	0
30001	0	0	0	0	0	0	0	0	0	0	0	0	0	0
30101	0	0	0	0	0	0	0	0	0	0	0	0	0	0
30102	0	0	0	0	0	0	0	0	0	0	0	0	0	0
30103	0	0	0	0	0	0	0	0	0	0	0	0	0	0
30104	0	0	0	0	0	0	0	0	0	0	0	0	0	0
30111	1000	2000	0	0	0	0	0	0	0	0	0	0	0	0
30112	1000	2000	0	0	0	0	0	0	0	0	0	0	0	0
30113	1000	2000	0	0	0	0	0	0	0	0	0	0	0	0
30114	1000	2000	0	0	0	0	0	0	0	0	0	0	0	0
30115	1000	2000	0	0	0	0	0	0	0	0	0	0	0	0
30116	1000	2000	0	0	0	0	0	0	0	0	0	0	0	0
30117	1000	2000	0	0	0	0	0	0	0	0	0	0	0	0
30118	1000	2000	0	0	0	0	0	0	0	0	0	0	0	0
30119	1000	2000	0	0	0	0	0	0	0	0	0	0	0	0
30120	0	0	0	0	0	0	0	0	0	0	0	0	0	0
30121	0	0	0	0	0	0	0	0	0	0	0	0	0	0
30122	0	0	0	0	0	0	0	0	0	0	0	0	0	0
30123	0	0	0	0	0	0	0	0	0	0	0	0	0	0
30124	0	0	0	0	0	0	0	0	0	0	0	0	0	0
30125	0	0	0	0	0	0	0	0	0	0	0	0	0	0
30126	0	0	0	0	0	0	0	0	0	0	0	0	0	0
30127	0	0	0	0	0	0	0	0	0	0	0	0	0	0
30128	0	0	0	0	0	0	0	0	0	0	0	0	0	0
30129	0	0	0	0	0	0	0	0	0	0	0	0	0	0
30130	0	0	0	0	0	0	0	0	0	0	0	0	0	0
30301	0	0	0	0	0	0	0	0	0	0	0	0	0	0
30302	0	0	0	0	0	0	0	0	0	0	0	0	0	0
30303	0	0	0	0	0	0	0	0	0	0	0	0	0	0
30304	0	0	0	0	0	0	0	0	0	0	0	0	0	0
30305	0	0	0	0	0	0	0	0	0	0	0	0	0	0
33001	0	0	0	0	0	0	0	0	0	0	0	0	0	0
33002	0	0	0	0	0	0	0	0	0	0	0	0	0	0
33003	0	0	0	0	0	0	0	0	0	0	0	0	0	0
33004	0	0	0	0	0	0	0	0	0	0	0	0	0	0
33005	0	0	0	0	0	0	0	0	0	0	0	0	0	0
33006	0	0	0	0	0	0	0	0	0	0	0	0	0	0
33007	0	0	0	0	0	0	0	0	0	0	0	0	0	0
33008	0	0	0	0	0	0	0	0	0	0	0	0	0	0
34001	0	0	0	0	0	0	0	0	0	0	0	0	0	0
34002	0	0	0	0	0	0	0	0	0	0	0	0	0	0
34003	0	0	0	0	0	0	0	0	0	0	0	0	0	0
34004	0	0	0	0	0	0	0	0	0	0	0	0	0	0
34005	0	0	0	0	0	0	0	0	0	0	0	0	0	0
34006	0	0	0	0	0	0	0	0	0	0	0	0	0	0
34007	0	0	0	0	0	0	0	0	0	0	0	0	0	0
34008	0	0	0	0	0	0	0	0	0	0	0	0	0	0
34009	0	0	0	0	0	0	0	0	0	0	0	0	0	0
34010	0	0	0	0	0	0	0	0	0	0	0	0	0	0
34011	0	0	0	0	0	0	0	0	0	0	0	0	0	0
34012	0	0	0	0	0	0	0	0	0	0	0	0	0	0
34013	0	0	0	0	0	0	0	0	0	0	0	0	0	0
34014	0	0	0	0	0	0	0	0	0	0	0	0	0	0
34015	0	0	0	0	0	0	0	0	0	0	0	0	0	0
34016	0	0	0	0	0	0	0	0	0	0	0	0	0	0
33009	0	0	0	0	0	0	0	0	0	0	0	0	0	0
33010	0	0	0	0	0	0	0	0	0	0	0	0	0	0
33011	0	0	0	0	0	0	0	0	0	0	0	0	0	0
33012	0	0	0	0	0	0	0	0	0	0	0	0	0	0
33013	0	0	0	0	0	0	0	0	0	0	0	0	0	0
